1000
485
92
324
73
735
953
638
546
249
638
32
834
217
579
593
533
871
425
524
797
203
510
285
684
714
846
334
973
335
392
293
157
775
390
989
677
35
553
89
275
912
121
499
243
938
670
632
599
68
557
898
132
862
11
910
278
614
655
37
417
120
181
601
999
349
593
214
848
649
963
802
893
826
319
99
259
578
18
183
873
28
977
155
97
594
28
803
306
842
726
703
158
861
447
949
410
409
764
337
396
583
139
22
571
809
883
943
454
930
453
819
989
769
727
609
284
716
3
330
222
148
302
821
736
303
972
464
106
772
67
20
644
116
939
722
846
471
288
53
154
482
690
215
902
887
312
875
424
123
790
536
328
666
203
474
786
367
85
606
791
637
3
429
333
471
319
770
573
539
567
901
491
150
123
498
951
839
368
63
359
492
620
425
195
953
907
755
236
907
666
667
999
667
275
697
161
9
429
365
68
536
961
332
455
563
383
112
782
842
433
864
798
159
136
811
996
411
792
902
438
337
734
224
291
870
321
605
604
166
723
735
521
972
369
838
891
955
400
108
886
762
401
169
333
179
986
777
244
505
709
735
661
563
203
879
223
368
741
544
713
647
968
248
791
39
499
131
70
960
527
356
90
611
810
53
997
487
156
80
223
252
626
15
926
580
828
819
789
683
974
807
489
431
824
290
634
166
541
982
521
391
852
421
293
136
665
65
302
44
302
614
793
503
35
28
3
251
272
401
221
855
483
806
318
471
49
588
26
204
761
771
8
964
643
694
140
212
998
959
428
928
777
241
219
483
650
751
848
495
771
265
5
562
838
261
447
529
807
557
911
956
414
323
515
756
629
431
205
626
731
16
135
254
577
425
691
644
231
943
571
770
970
983
387
57
64
509
757
57
633
619
244
405
950
725
308
473
492
358
503
591
446
617
205
88
19
342
83
511
590
516
568
313
816
969
28
338
37
490
840
266
41
737
694
16
191
138
542
496
657
523
913
47
583
261
864
75
335
19
554
809
888
417
315
550
239
272
918
336
474
933
900
45
355
482
477
501
342
538
907
645
37
180
450
531
951
380
390
29
310
699
130
985
123
794
67
177
16
394
540
476
243
948
89
170
11
885
879
675
198
333
315
289
616
45
59
51
925
131
755
785
829
711
677
203
768
731
100
927
985
586
973
288
35
844
913
699
463
737
249
73
245
769
318
850
150
141
917
834
323
858
198
367
77
402
716
111
398
934
55
6
43
144
807
144
890
801
484
695
531
121
333
79
442
527
933
425
172
746
248
263
753
454
126
600
795
705
744
558
768
161
321
690
829
946
147
686
539
486
322
269
770
744
315
423
961
488
559
565
147
866
523
754
33
851
502
285
861
167
82
130
493
556
5
362
839
30
549
845
227
801
843
980
112
575
80
173
185
32
610
947
888
857
930
93
824
457
137
848
500
17
310
871
466
771
226
309
332
903
559
76
671
439
622
613
778
632
727
632
929
24
805
404
820
390
302
763
264
65
286
98
35
993
39
4
814
249
336
919
922
964
758
145
354
592
436
477
306
844
905
513
841
688
856
246
939
608
137
957
740
903
278
894
909
680
484
820
830
956
723
779
239
416
799
580
267
746
832
321
169
498
269
189
373
604
441
478
751
289
630
674
982
25
888
562
714
778
262
608
249
124
294
403
36
446
918
301
401
916
770
275
469
348
984
253
388
628
881
431
450
143
828
976
719
432
960
471
415
693
453
326
203
443
343
654
835
26
186
681
418
844
332
535
931
473
392
831
180
494
67
401
884
579
860
855
573
474
892
985
939
330
819
923
408
67
676
432
72
552
595
785
6
517
965
208
96
852
419
314
960
356
856
875
932
827
972
892
362
304
660
530
324
143
597
234
407
665
570
227
583
630
536
426
848
366
221
818
776
923
833
490
272
429
761
580
124
900
922
988
613
515
883
318
817
371
556
483
4
236
501
350
541
221
454
629
760
300
295
482
248
571
707
21
154
436
611
223
386
190
824
385
452
536
954
623
497
709
427
752
862
383
888
675
339
193
111
753
497
282
562
91
915
208
380
300
608
844
77
579
833
498
441
85
482
238
319
331
314
397
230
997
639
977
955
577
729
220
822
327
129
492
558
664
214
246
607
852
527
338
55
494
323
240
982
502
252
415
684
899
884
350
401
317
792
800
914
99
392
444
143
927
950
900
65
637
293
847
902
648
192
494
322
361
570
739
448
609
886
201
332
384
815
462
496
54
543
580
499
97
901
612
134
564
388
313
275
576
171
350
384
