10000
3489
3856
4652
1737
3866
8111
3643
4427
6311
5965
6310
3395
1835
8556
5364
8077
941
6469
1976
3018
434
6854
6570
3839
7874
3389
5531
3769
8240
7605
3847
7603
3824
1808
2997
85
6983
1414
4559
4290
1373
4525
4918
1104
9504
9822
7614
190
5359
8717
270
2167
7053
3088
1386
5178
1314
6479
5119
8258
1962
7081
1215
6959
9664
1576
28
2101
7632
5570
1049
3369
6454
4328
4197
9760
4254
8861
2583
7673
2444
9262
6126
1393
6382
7439
7411
1245
6870
9851
6809
4756
3771
5267
5765
6020
4405
1748
2842
1753
8983
3128
9154
4614
3384
5067
1582
42
6869
8786
2111
7299
625
6759
6357
1275
1530
5017
1336
5852
5376
6265
8757
9511
5536
7052
8329
5311
1670
6343
9065
4415
9092
350
3069
1445
5608
9978
4213
5838
4661
5379
5461
7457
6050
1361
890
3923
9497
4869
5034
7007
1254
1103
5256
5115
7265
7104
1609
4843
8227
2717
9029
4075
5041
9432
4936
9838
7845
9834
5015
841
593
716
597
4292
8892
5625
6034
3571
8451
9397
148
51
5314
7055
2095
3897
5044
3743
896
9502
7700
5895
3615
5806
8364
8627
5292
7961
7168
5216
4375
7561
655
3211
3677
1382
9239
6524
2657
3033
618
8429
2546
6253
1583
4157
2824
176
1185
7731
4716
4692
3574
6405
2655
3331
6672
2560
9555
2114
4310
6894
5690
4142
3598
8609
9874
7086
268
6192
7721
1973
5753
501
6886
6168
225
3734
9393
3305
580
4761
8479
1112
2404
329
4354
3416
4179
3624
6906
271
13
2631
3872
7347
174
8574
4576
3104
532
4000
5070
3795
1880
5216
4694
828
5554
5096
5233
1747
7221
2441
8793
2399
3246
4677
8305
8916
9446
3506
7961
2720
5922
8463
2194
2632
772
9920
6368
9825
1902
5370
8334
5402
6588
8216
8967
5627
5480
831
8821
6547
7542
1587
5205
4613
4796
6643
4877
671
5300
4374
1052
8784
6884
8743
3294
2468
8789
4945
1338
3586
7816
2044
2623
14
7688
4078
7582
2678
2939
3703
459
4158
4548
4233
5657
1725
2905
5974
7003
135
1751
3336
7228
6656
3644
4542
3110
1856
8212
3729
6734
4878
8233
1485
5594
9718
7741
4061
9568
6854
7651
8331
6294
6789
5173
1687
8877
7495
1643
16
2987
5348
515
3995
24
9164
7843
6747
9890
442
700
8363
2096
1927
7130
2887
9743
547
7680
5023
2672
7750
4776
3042
7809
2743
3141
3757
5797
6276
4404
4248
759
3857
5302
7950
2235
5726
3129
7733
991
8641
3852
3823
6134
9291
8852
6755
6340
9396
5603
53
8968
98
439
8261
620
5439
2219
2543
2022
1764
3211
169
1661
4882
8323
5130
2705
3439
2613
8701
5733
8439
7516
9554
6454
3566
3642
1805
4812
2618
7127
2066
8533
4575
9865
7999
8776
14
7911
2350
4937
1897
8588
8474
4383
1307
946
2607
2595
5731
28
4281
9931
2416
4827
9112
7594
2
2222
7595
4589
7376
1025
9341
2610
5803
2527
2022
6229
1589
6528
6633
8303
4370
2205
2465
8356
7451
5536
1976
7176
5476
7587
3938
4897
8361
9193
657
8540
1436
7507
5074
1419
7635
5249
3013
9660
789
1306
1130
3218
7770
4664
2300
9949
9449
7028
4383
34
6973
9491
7188
9068
6429
5508
6505
1419
1504
2464
9028
9255
5067
5260
7910
3415
5571
8977
8627
6874
7043
2051
9672
2278
5865
3562
4055
8460
3094
817
1229
9995
4618
7711
455
7302
5411
7296
39
9042
7057
5101
848
7829
681
6843
1722
8169
6736
91
2707
8316
7443
5912
7731
2262
6693
5254
3056
7371
8436
5485
5140
439
7705
2742
5942
2846
7926
6526
6999
7168
2417
634
2491
6539
1296
3202
7087
8419
7841
1697
2368
4773
3062
1325
9222
855
9642
4361
257
9116
2129
679
1477
8753
659
9110
1900
8428
2729
3192
9649
3765
9917
7690
7613
2469
1845
8014
7266
9044
5406
3721
7927
4634
49
4442
6355
2015
9579
660
630
1615
5253
5673
1374
7188
3161
517
633
5479
6919
5366
2718
4756
7156
2781
6065
9924
281
603
1364
8467
4625
7896
2042
5445
1466
717
1481
4819
1265
4621
6296
4092
4303
528
3545
7339
4602
1347
472
1910
8374
9516
2774
8075
8353
352
3142
2492
9047
1753
250
5418
4544
1663
3691
7071
3247
70
9543
4354
2307
3300
4031
7773
9242
794
1627
1809
3496
7332
9895
9883
7022
6125
9904
2189
7686
5503
862
6366
2287
6224
2924
1331
2226
4311
2134
7538
8157
5289
8146
4180
1388
7308
8298
6188
8619
7806
5975
8472
1881
5382
3746
9238
4811
5718
9210
6439
4990
4224
5708
3537
7618
5330
9676
5963
410
1365
469
4231
9781
477
2778
8216
5275
6402
2940
2302
2869
1219
3303
8469
8972
7181
4753
2449
660
2134
562
6271
8409
19
3822
4419
5559
4435
59
5127
9863
8655
5643
8928
1307
2522
2517
113
9186
284
419
2399
1527
2314
1360
2396
2577
5893
272
8201
2632
3657
707
557
9210
3426
1973
8302
1953
7524
2542
3177
6706
187
4861
8401
8364
4755
1368
3907
4452
7054
2546
3768
2047
2914
3226
1464
9878
7479
3480
8120
9250
302
4899
9235
4966
486
6076
1149
3664
9894
2265
9673
8639
288
8364
1028
7569
1580
8896
1562
4804
537
5261
2678
5121
1082
8110
6652
8363
5810
2648
7735
7956
5643
1287
1360
2661
2138
866
9031
5266
8466
555
2052
736
4026
9177
8774
1133
7735
8387
7682
4855
3983
8245
1834
4820
7729
9357
4330
5747
1644
2147
5449
9271
7018
9180
460
8873
8934
969
6837
4934
9915
7907
3313
3899
2154
2186
2095
934
6305
353
3818
1691
9442
1554
5094
2292
9895
2068
5892
9373
6968
6773
8164
8139
3952
7774
2566
2372
4827
9849
1684
4519
4916
2607
6159
1511
1002
9622
4648
7577
5592
5094
5184
9821
7058
8276
4256
2255
3715
2403
5094
676
2772
8862
445
2473
1416
7720
8088
7245
9837
6750
6939
5928
9277
5816
5832
8704
9150
4336
8418
6373
6862
9932
7363
7188
3971
3942
7335
862
2087
3138
3112
890
3304
7457
2613
8810
2425
3139
4023
9580
559
1979
7262
5770
6181
639
7307
7341
9124
2757
8869
933
8206
1749
5353
4594
4333
3222
9589
9196
1047
5712
3569
2619
1273
4056
3701
7707
4239
8744
4991
4567
8965
1560
8637
3614
4434
9869
7429
39
8631
6594
227
9329
9890
2450
586
6871
6342
1153
4948
873
8797
2161
2991
9937
4600
7582
4570
6980
3543
3339
7706
631
7134
2645
3032
6753
7885
1768
712
7570
5675
1783
489
4389
4881
4081
8452
9302
5549
9735
5335
6098
2088
9425
4397
295
2658
8215
4650
9073
7047
6964
9153
5168
6104
1107
7669
4862
6011
3301
2569
1092
3374
6265
9288
2003
5024
2752
865
4842
7216
2363
647
2458
98
2593
8272
2862
1235
7344
5685
1163
2505
8544
7389
6933
1693
6472
2265
5571
9720
4880
9558
2260
9347
7529
1421
1758
1910
7341
7095
2269
4288
1744
9592
5701
2274
4971
494
9963
7684
5693
5473
4712
3609
2926
8452
554
5620
4027
3117
6729
8823
5572
9298
7447
3983
7654
1586
1363
6887
5352
2727
7139
910
5101
7464
5480
518
154
1855
7089
7671
9008
4166
3103
521
9376
8968
6039
9083
8151
1098
7518
6737
5527
7715
3389
2023
3406
3218
3488
2774
5984
4047
1420
3247
2514
979
330
4415
2698
1352
649
6631
833
8368
2317
2625
6253
574
7424
1773
7517
4605
1261
3229
5788
1547
5605
807
5806
8433
7223
6543
9716
8875
3503
5215
2424
29
8926
4055
8529
3364
6447
6525
1970
2147
1464
8918
1537
4321
2037
2025
1768
1083
8744
1736
3690
3337
9497
7606
5152
6026
8418
9308
1587
110
3889
7800
2781
151
6631
1513
1559
290
4182
232
9332
5276
5932
8387
290
6792
2778
7600
3198
9633
4678
9813
3340
5984
3811
9295
2908
807
8860
5002
3921
3157
2217
3437
6534
7668
357
4672
2016
6776
2951
43
9472
7468
8182
8970
1117
6737
2690
9947
2899
9699
1013
9871
2999
8542
5808
1175
7953
2931
5337
7743
7313
3247
1469
4675
1179
5121
5398
3877
3748
4196
9654
6864
4221
1676
7529
9184
8659
5717
7180
8749
9995
9812
1228
5092
8459
434
525
5191
4012
3971
5299
7725
5007
8001
4524
8639
8121
1184
9533
9409
2304
61
6635
6721
1913
6722
1596
4062
8009
5847
316
6155
8086
3079
35
8485
4524
4336
8411
1660
5999
5530
1700
2121
8761
7907
5160
3125
6487
5922
959
2072
9976
6087
3593
5652
1426
5641
2794
9328
6535
1193
8742
6274
7464
7682
6583
7722
5431
8900
4510
5162
6294
8570
7533
3908
6393
8087
4805
9258
6184
9080
8769
5590
2434
7278
3635
968
8888
9674
1262
9058
8484
3027
7312
9415
1653
3961
9065
1681
2668
3867
47
3348
2544
7193
7088
6523
6985
4222
7780
707
6440
9740
5861
6514
7989
5345
2300
5365
8791
7016
6059
7039
7338
3239
6516
191
9299
6233
1361
3142
8488
4037
4828
2561
7930
3030
562
3484
4873
9832
8606
6251
6451
7701
3566
3581
6741
2065
6829
2555
2808
2470
1338
6262
4973
1797
4548
4238
1861
4555
6021
1792
5430
5827
2562
5692
8535
8143
4427
4959
6518
5568
3604
8930
6446
7434
9410
2613
8036
7838
8620
3837
2505
6887
327
9523
3365
782
266
4170
4994
6811
6019
5653
1465
8597
7347
4674
6096
8814
2847
1560
4698
2908
8373
6080
2372
4956
7710
2927
2746
2213
3359
4884
4683
3904
1741
873
4390
7989
7501
6219
6763
5096
5868
4525
2706
1008
5162
6071
8790
1383
5940
781
7439
5520
8549
5603
1877
5690
4770
837
9341
8090
8385
5453
9654
6640
493
1225
4499
7534
5882
1770
9015
4116
2554
9907
8742
1284
8122
6176
5745
5934
4082
6397
3648
2057
6817
8997
5314
5685
9772
3838
1063
2978
4768
3920
537
628
7267
3916
2290
7650
7566
3030
7624
5225
7994
7535
1662
1611
5335
2751
9104
539
3748
4096
8825
934
3888
5683
3423
9606
5220
6941
384
482
8182
2068
1280
4897
4117
7430
2238
2573
7580
5493
5981
1041
8756
2004
6191
2287
5198
6824
808
259
189
3024
6543
602
6391
6710
6865
5421
619
7261
3341
8066
8733
4515
4785
7746
8012
7178
3929
4382
6553
782
5588
3636
1985
8056
3714
991
7584
5732
7039
1333
7225
3106
8876
8360
4893
2227
2304
7684
7919
5681
7787
9402
2452
9766
8072
9863
7455
3274
3378
9602
3534
2712
4397
7533
6149
7033
8510
2138
6828
5558
3047
6176
5194
9694
9751
1273
3183
4961
3406
6984
6255
1074
558
5069
7821
1713
9494
2209
3827
9668
4010
5003
7352
2473
4300
9881
4608
2432
4797
2658
840
5157
7601
1059
2497
1094
936
6446
7615
5878
2589
557
3438
9725
6498
3827
3354
9449
1343
5143
9871
787
1981
8919
3717
7218
3291
3618
5183
1009
1012
2347
446
6669
9254
5485
5716
2522
6085
4865
591
840
8079
1366
3316
1671
2774
2279
8966
8081
3376
4326
9772
8043
7126
7990
257
6269
3256
7310
7632
9608
4743
8878
612
6012
8518
9587
9827
1543
631
2973
7420
3885
4674
5033
4019
83
6390
4186
3781
3082
1638
869
115
6435
487
2631
3182
6755
4543
129
8352
3707
9440
2624
1893
7393
1638
7007
7847
2138
2700
9176
4532
6938
5155
4325
7889
2965
6585
8649
4645
868
8738
9150
8256
8632
126
5880
4608
5783
6371
547
7605
9160
4315
6426
9684
184
1482
2771
1191
3349
9202
7438
3145
2798
602
7409
6264
345
4343
4539
2318
4345
7360
4740
1516
2600
6495
5371
2173
5899
1818
8135
7641
9743
9608
1896
409
661
7699
3647
5852
2730
5256
4304
547
298
6869
1781
7386
6962
4424
6525
3644
6332
7690
6381
2205
6380
8175
7978
2886
2354
1314
4845
2000
5199
6334
5384
1630
7571
4701
3054
6791
295
2141
2912
9728
1725
3456
5366
6267
6827
779
3509
8177
7797
4167
1118
5022
5135
7450
6061
8623
7874
1252
824
6797
452
105
6275
8978
812
2424
7705
7070
6702
6146
1547
7901
1802
1175
1028
1204
2406
7439
2732
4223
8711
9998
4884
8370
1042
8644
6138
7569
2676
9480
1690
1157
9927
8871
4998
2835
2467
712
4710
5068
700
3037
3209
1116
5453
5551
5017
473
7803
6177
4248
8371
6968
6083
4123
1672
4681
9408
3756
9269
4509
9036
6811
564
3956
8960
8430
3703
6804
6148
5067
8334
3050
5649
1682
2357
2875
6332
1907
3769
5116
9931
7393
5524
5538
241
4630
8063
4495
9424
2493
3567
7001
6987
5559
5621
2102
1850
1425
4415
1332
8649
903
5226
9700
4029
6940
952
9723
3829
5414
401
1076
6535
5219
1080
6582
5419
4630
9451
229
8214
8667
2793
7834
5929
7180
475
8678
7442
9891
901
4167
2067
4288
4959
9531
3051
2928
2856
693
8672
1426
7369
2687
3750
5005
7924
1405
1783
5258
7099
702
1278
6676
4563
9437
5384
3436
2565
4445
106
5320
2068
7179
6225
1626
4826
5109
9074
3815
3526
9501
5692
121
8182
4747
3286
2848
2134
983
6164
9027
6283
6266
5146
7598
7106
9124
9545
4635
4599
1717
848
407
8677
3688
2167
7077
1763
5905
7056
3037
5574
8176
1333
3047
8778
8467
3150
5527
6701
1143
8225
516
4387
5203
6438
2612
256
9580
17
7434
1484
7364
5324
2182
6735
9718
8870
1543
4889
5483
5799
4678
2631
6029
4872
1811
3893
6902
4284
4104
2122
5242
5975
8402
6457
5165
6900
5784
1236
585
7199
8051
3655
9909
9047
2308
2156
5721
914
4634
9307
8630
2098
1051
4989
956
8233
3926
6904
5709
9010
474
4948
6917
4405
8373
229
6961
8187
7414
3313
230
9772
8825
4807
7481
3721
1595
8813
8492
3498
9388
706
8034
8454
8619
5225
2102
3444
3009
3113
913
5980
3092
7196
3152
1019
5595
8576
7326
9339
388
4592
9319
6590
15
4057
5405
3247
4857
8288
2048
1774
806
6942
1726
7986
6608
4554
3484
4732
1575
7194
8517
4363
9049
6079
9771
3661
7704
4497
800
957
3735
4165
2192
688
6930
791
7791
4224
1003
3055
4957
6242
4748
2594
6659
4936
4908
290
788
7511
9603
8017
310
7338
7570
222
1032
3323
6867
486
2767
6972
3199
4161
9206
5599
5840
3893
3876
3171
1840
9953
2403
6255
8222
955
8216
4499
6671
8103
4647
2907
6814
8741
5957
6948
7373
6456
7477
4664
5052
7930
730
641
1204
1004
6919
3064
121
9538
2653
2247
4926
8894
259
1443
4463
2639
5831
1525
7859
2784
3463
1219
1225
1814
4981
5166
4867
569
1030
7254
1642
1684
1141
1692
5748
8673
2887
2837
482
3437
5348
9811
5160
7786
6047
8270
8212
3661
997
2911
2854
5762
2379
8273
9271
4360
5908
7542
2483
2626
980
2963
8455
6996
1652
7862
6545
5565
2696
7532
3697
8242
1974
141
157
1758
2469
1583
6388
417
1158
6457
3762
4088
6767
6994
7386
3865
6690
5662
3238
5784
5034
9290
5260
4553
1805
5190
4768
1767
9418
461
5928
8719
491
5893
5918
1627
996
528
6407
3160
9075
8487
6941
6997
8826
487
740
2787
2172
3379
1416
5768
9992
1014
5147
4894
2691
7906
5468
7306
2735
6806
6988
2285
1165
883
9834
9336
1106
2738
5275
1662
8836
1357
2493
16
5412
2925
819
8128
8607
7931
7206
8700
6232
2140
4853
877
8639
3465
8436
7004
9403
7518
2525
916
2358
5586
5578
6989
906
696
5888
814
5548
1168
4077
2330
4321
657
8774
4947
974
9860
3139
7528
7716
759
9981
1249
8219
7100
5422
6211
4644
2165
4321
4682
4087
6406
4738
8069
8847
3127
7550
6264
8958
3773
4179
30
8141
204
4726
760
768
479
1475
7390
7708
3472
6856
908
1948
8580
1680
4475
1382
2907
932
6483
664
3556
9177
7295
6233
2982
465
4387
7986
6549
2558
5562
4812
6481
1203
7079
5747
883
8916
8947
5779
1167
1919
3290
8910
7525
1852
5221
8669
9443
1773
9426
1818
1623
7089
2092
906
5439
5826
6959
5803
1319
4233
4215
1471
6306
7205
8329
5575
8378
3792
5134
5322
1899
3953
6801
8467
7727
5812
9982
7627
1423
3453
9718
4842
9847
1528
391
2484
7977
9755
7272
1457
9820
4921
4784
8638
1590
9493
7419
2822
229
777
1884
6790
3146
4473
3849
5703
7046
6602
8032
5475
6565
3803
812
2144
8231
3228
1968
2533
4970
9164
6443
3770
766
2064
2531
6112
9171
5741
1505
3095
5220
2829
5566
7759
850
4184
7784
3231
6680
5323
9092
819
6200
4373
8580
8617
4035
1501
1551
4549
8489
9150
6275
1659
3988
4397
6907
2420
8780
319
4153
9434
8306
2540
9271
7443
6132
840
4323
5061
8734
5924
5264
8411
5297
9683
2595
3534
6258
1151
134
6268
5421
986
4419
9430
412
6795
9513
3435
8608
65
2907
7294
5468
6881
1045
6043
5595
82
9224
5207
235
4812
7677
8847
2988
2125
6265
5951
9970
670
2351
5875
110
1734
9539
151
3443
8208
5223
3513
2073
5869
6273
827
214
1291
1566
8798
4831
3776
6250
8550
800
7046
9123
6181
4325
99
4141
2206
220
9782
7052
546
881
8384
2586
3918
5986
3689
1114
3732
7528
6026
7688
7094
6366
5032
275
2760
8687
8477
2855
5725
1112
5442
7076
5254
1809
2564
2579
1598
7084
8805
8901
8663
1361
3164
5492
7165
4208
3643
9440
6115
5645
9360
6728
6950
939
4271
9993
1507
3824
6112
7878
1405
5547
1226
2442
476
2599
7908
4458
7011
5726
9064
1738
700
5879
9114
118
8103
2297
2486
9070
6732
765
3429
1239
3882
6469
8052
9873
8562
4779
3262
7786
644
8559
7918
694
2247
7505
1448
4089
918
4313
4380
2565
8292
5836
3972
9120
6002
8332
2834
1521
7326
1918
1968
4679
2719
3645
9309
8527
6891
767
8764
8746
3805
5914
6510
1737
7990
2097
835
3325
4880
1251
4671
3177
3116
8066
27
8005
662
4517
4160
9555
8963
7062
5184
7616
8686
788
1515
4086
5178
1370
3161
6848
7545
8760
1058
624
8160
1869
6629
7091
2261
9815
992
9031
1641
8357
9461
6042
8916
5305
8777
2461
8574
9370
1754
1762
9887
2073
6531
1472
2419
5690
8112
1818
9396
7436
5973
6603
7049
8392
9199
8629
3939
4805
8345
4315
3457
6830
6251
1987
9493
134
771
4645
5732
9772
8947
5103
9769
1841
4235
8090
1002
405
7499
8434
9433
534
5351
6760
5512
148
2205
1731
9214
1977
9868
2376
225
4428
438
8406
8649
8793
9843
3986
8944
871
2115
59
73
79
2948
8516
707
1168
6522
3844
3774
3798
2545
1444
4227
952
6371
9476
8504
5874
117
5441
1920
9567
6564
580
3494
8920
1431
2616
4304
2152
354
11
8210
3477
279
933
745
2691
6823
9318
5982
1404
7779
9890
1967
345
522
2225
4638
5700
4473
3656
825
5865
2227
6748
6152
1177
2078
7092
898
6848
6532
9312
4595
9421
8239
5449
6831
5631
615
7083
4833
864
7644
8857
3768
1710
2052
5254
7126
1307
7616
9780
2284
2546
1482
8872
3925
4777
5675
7243
611
3367
8625
783
9436
8502
7572
7977
7351
5017
1570
5119
2461
5895
7676
1959
1216
1816
5841
2901
7432
8848
5000
2997
2261
3188
4700
6786
1147
7382
4186
589
745
9131
8650
1982
472
4490
9475
6436
4093
6465
967
3382
8790
789
1135
6980
8533
5906
9748
8426
9048
6074
4361
1659
5972
328
9416
7432
4558
4031
379
7473
8677
9145
7628
1529
9860
6447
3459
4631
5598
3611
788
2410
8970
4947
5869
8387
9318
3044
3067
5915
8594
3070
4976
4797
9593
3579
4900
9238
5261
9810
5055
6327
1689
380
7973
5396
7090
9994
4833
5503
9215
9221
7488
3014
850
8181
2536
3987
3914
3549
5681
8098
2705
3853
1601
9112
4388
6083
8726
4590
1642
9383
9374
8899
1304
7364
7626
6062
272
4503
3433
4011
1580
4495
129
3585
9051
2139
5867
612
6181
1957
7491
9151
4488
6577
6077
5445
2914
8319
4969
3141
2036
2479
2404
3428
3020
9487
6311
5448
1483
6020
7615
3146
9411
4868
3001
6030
9938
1599
4141
696
8763
6971
2681
9764
5063
7373
9822
1587
642
6373
1571
7059
8626
2838
1088
7483
5726
8189
2729
2113
493
4998
78
6425
2935
2464
7845
5172
1452
8930
6421
2959
2458
6089
3490
5925
7953
3725
2040
3382
2818
8467
8155
3426
2605
9764
9243
1177
6028
6043
4132
9730
2237
3694
3203
3884
7163
3556
4465
1941
4350
2025
1822
7466
2157
6722
9259
6435
8451
4387
1071
2974
8407
2637
3766
100
9179
1020
9609
6829
3580
4208
8948
2551
438
8912
6838
4634
6601
1161
3756
5540
5754
3300
2552
7602
9609
2254
5170
8070
1028
9393
8308
6995
3547
9894
1474
5905
4393
8437
1443
1115
9454
7956
3308
7471
3563
5210
9783
6293
5852
8062
5622
2984
3907
8569
3939
3843
3090
7417
1387
9153
7833
532
8138
6249
6023
8947
7906
6345
6294
8730
8206
9170
8584
3895
8809
5629
9015
629
1833
6600
8675
993
8779
3470
3867
3468
7659
4102
3962
5817
9423
7602
7071
4657
9226
8296
7947
995
9395
126
5418
5454
4270
2622
2919
2563
4036
9225
1579
6112
2502
1396
7287
3437
810
6311
1454
9032
729
2103
9607
5283
8372
9434
2709
4140
4969
5071
7343
4003
1374
3924
4993
1024
5585
3601
2469
6051
1470
3789
2113
463
2633
1061
9856
8973
5128
4670
8170
5980
4615
3048
8790
5240
9972
1630
102
5449
428
6628
2875
9605
3456
7698
2755
6851
2825
3649
9328
3079
7807
5480
4108
5862
5283
7919
2546
2609
3840
4372
9045
4322
8582
5843
6976
3208
7851
3383
8076
9255
4127
2405
1179
9868
1089
9316
3254
6817
7882
3902
5425
6187
4570
1824
9886
3267
2761
5566
1160
8375
2409
4288
6449
8082
8029
5676
947
3383
1460
7379
2934
2684
9927
2689
4680
2112
2624
6757
2279
3870
464
7385
5917
8545
1723
3149
2538
8352
4369
8701
9839
5170
6860
9043
8884
9067
9288
8699
8532
2392
3399
669
393
8843
8266
55
1604
9097
4667
8434
5163
4066
8492
3400
8775
43
2032
1382
4585
1448
8441
5306
1616
268
9701
9883
6050
1643
1365
7327
1971
6644
6426
7756
3710
6951
1607
2934
2923
3724
5243
9193
925
6578
7883
9435
8137
8418
2123
3341
7626
9452
7712
7466
3698
9702
5238
7168
8804
789
8414
1365
7805
6441
5570
7622
5069
8435
1509
893
2231
6809
8252
5562
1930
900
9997
3415
7296
4197
3626
7948
9418
7886
707
1940
5770
8461
6063
4939
2805
1333
2350
5341
7734
1206
8187
1898
8676
893
7184
8781
9833
3601
9154
4299
6090
2957
8328
1048
977
3400
4946
7826
6330
1885
8269
1403
2382
1528
6397
7330
3866
9822
3767
3896
1728
1637
4028
7568
6358
3061
811
6311
4484
3883
1200
6193
2512
6138
9115
4801
62
1503
3524
1628
6083
7211
5155
2109
4498
8386
4901
8363
9644
3412
1150
8081
1456
6242
5885
8194
7953
663
3209
8668
239
6613
1504
5122
6098
6201
2700
4632
8929
6220
8143
9323
1194
5321
4704
2086
8423
5717
1859
6216
3298
4632
1995
7247
9096
7206
9976
866
9345
692
1970
7931
203
1377
5655
3059
8821
4897
9030
5472
1151
6220
6896
2539
5947
5654
3512
4210
1054
9961
2074
9624
3705
1840
6283
3044
5365
8622
3120
4940
3926
7367
832
5931
5092
3380
5188
1198
8489
1882
3294
4841
5729
6208
2026
7987
2029
6825
5755
8372
1062
602
2947
5504
3537
6429
1279
8922
7189
6354
869
823
3131
6469
1143
2588
7479
3904
9149
4006
4354
7853
8211
8252
4474
3248
5349
3297
3630
8556
7353
3728
6149
5418
9579
6399
1804
1822
5062
8726
3861
3552
5187
9793
2441
9451
9826
3698
8667
2805
7529
7516
8762
2252
7407
5870
871
1882
6723
7503
919
7425
6943
1476
9817
5588
63
4239
920
2526
1552
3530
1226
3612
4640
4103
6540
6638
3709
5848
4076
9389
3820
4750
7902
7723
1998
1574
9019
7602
3509
2974
2236
9860
8930
868
4733
1815
338
3857
4520
5814
5754
7825
2112
7696
7057
2208
7089
4198
7387
5811
7624
516
1440
2775
2635
2951
8890
6648
7637
7445
1374
6117
90
3852
7082
1772
2270
6133
5082
1757
5720
3983
9650
787
4417
4061
6796
362
5912
5804
3807
9314
342
8645
191
2817
3920
2574
1947
3084
3147
8437
1468
9028
6547
7511
55
2347
4033
9567
1957
4631
9301
9474
4796
4001
4131
6838
8043
8801
4225
6138
1157
1812
946
4457
9260
644
2388
3462
1151
6795
4076
6427
5580
4386
6387
6
8602
8196
7419
3684
715
7212
7525
5776
3473
8385
3104
4358
7596
4252
7181
4449
7350
4532
4330
1876
341
3591
8018
1723
5096
5021
9527
6008
1722
8000
2511
2392
9721
1801
7847
1200
2530
2344
7354
8362
5830
6156
5250
4387
6255
142
7103
1742
9464
6792
9673
1220
9382
3181
1360
5067
1644
5800
6055
5913
42
5724
208
5781
9841
3737
4313
6268
3651
8375
3935
2912
6314
6192
1858
5963
1980
4638
5843
9122
134
1428
1539
7935
5650
5227
5427
1992
8260
47
9643
905
3933
1360
5725
7570
5691
4683
1077
645
5509
7215
169
5270
9360
1424
9301
3353
938
3027
2634
3511
6295
1548
5563
2341
7277
5211
958
2224
238
4364
2391
3963
5151
513
3306
3395
7473
4010
6108
2337
6477
7916
1536
9722
8768
9779
6293
3557
1240
2351
6025
9173
5938
6664
5449
7493
9994
176
4863
7068
200
3357
1740
3382
5920
2877
7891
6132
4840
45
7121
3255
7610
8839
6022
2356
1790
8634
574
5929
5489
5088
5841
4940
4250
1771
3555
1376
5627
302
2321
7460
3214
6336
684
2376
3834
2127
9356
1705
8761
5385
2803
993
2553
1067
3532
3709
5611
864
383
3150
7684
5328
9795
272
2798
971
3239
663
4252
6714
2010
5133
9687
1650
4795
5359
3670
4574
1433
2772
7003
6659
3475
4361
6405
7906
6162
4424
9240
2872
7982
7672
3982
8005
3669
2193
7397
8735
9250
4920
6079
5621
3830
7817
9894
4404
4446
1997
6620
5379
4552
1694
5442
7349
4746
7151
5468
8888
6830
8984
3646
1730
4813
4380
2652
555
3071
9859
9620
1576
9630
8941
3581
4035
2284
9390
7512
3272
8754
5444
1764
3181
7297
2972
2292
5075
3651
6620
2497
69
343
4595
7122
552
3581
8929
6485
621
7957
2032
3638
2680
7513
9829
272
4193
4923
2708
5192
1520
5929
9291
1633
1506
6719
2594
2744
1581
7311
7023
6231
790
1860
9780
9385
5064
3790
672
8513
7586
9547
2557
6197
5755
9477
5353
6726
9147
4182
7175
2976
3276
8164
8460
698
1828
8971
232
878
2428
4404
9125
3703
4245
4885
4697
1993
1168
5434
9952
7188
3773
3809
8558
7221
6731
1065
6991
1518
790
3455
7894
2043
5087
9889
5916
229
1550
3881
3832
2164
2591
8742
4753
8760
8674
2425
9900
7962
1202
4670
6754
7726
1638
4125
9808
1742
2423
9606
3710
8525
1742
42
7226
2815
5787
5504
5180
5795
4576
8737
4367
5885
625
1425
5161
5944
3715
8946
5140
6547
7249
1857
4703
2956
9808
7326
1159
9482
2368
1218
7702
6964
3615
8806
5437
6445
5263
145
7049
8993
5068
8558
6271
9963
8924
1284
3783
8509
1137
7093
5580
9440
3954
392
8465
2549
6804
6772
3259
9802
9125
6392
3080
5425
5014
5986
753
697
3373
5306
8622
36
7556
8852
2938
8714
2478
8790
4750
2129
9080
5017
387
517
167
9074
8002
903
9527
8294
8442
6370
8037
577
5323
9580
5440
3224
6841
8716
6272
6631
5916
5115
1239
4195
6436
1808
2640
8684
2
8655
1355
9129
1906
588
2236
2917
6940
6322
6478
8375
6319
1220
6777
3208
643
8708
7822
836
8248
4967
3961
7692
6411
2072
9256
4261
8946
491
661
8426
1726
2042
1754
373
4941
4252
8652
2699
5762
574
4397
4634
2332
6098
9586
5307
9188
837
9128
5802
459
7568
500
4170
2054
8132
6790
3620
1587
5206
9102
3169
6405
1589
9242
7457
2291
4948
84
896
9431
1729
4475
6201
3695
2543
9319
489
9418
9065
1243
9802
5687
7706
9934
114
4675
5707
2151
7133
7026
4700
1514
4024
8083
6773
5888
1341
2667
2527
4285
5398
182
2033
6134
5532
9607
6139
6720
2230
8638
7761
5355
3199
375
9525
1922
7561
888
4394
6333
2091
9298
5757
6087
1948
776
7242
4512
5328
2033
8901
856
828
202
7211
3742
7296
4482
9455
341
6172
1123
9716
838
5626
4373
3490
588
4020
8452
1359
6570
2863
1743
9867
9639
2774
7702
7158
8136
3349
2376
3916
4571
1876
5066
7461
5441
9864
2500
3993
5374
2409
6868
2948
8509
4813
2780
5815
1503
6580
4255
7598
9893
5852
9397
8813
8249
9690
5581
4361
2197
9131
9590
3397
6745
4259
1306
7870
2798
8175
5267
6286
9583
4080
1503
9164
5863
4061
8955
5888
9351
2132
8413
7376
2762
6394
4193
7183
499
2802
2232
9118
1113
9845
8714
7726
6396
4919
6092
3728
4672
9904
1118
5284
428
6064
1112
998
9129
4781
9973
4953
7394
9429
633
7689
1190
4169
6701
2584
5147
3589
8347
7556
3125
937
3111
788
6178
322
1216
7839
9174
182
9451
8563
4091
226
5763
4215
5437
1693
38
238
1082
8672
2587
2524
2384
2447
8322
680
3100
2768
1120
9857
1100
1818
2511
8143
5001
5664
2260
5642
6192
4304
9743
5313
4221
2285
8299
5303
6630
3842
1696
1825
936
3378
5951
8381
3017
9688
5988
7413
4985
9619
2451
9293
7400
2600
2537
3593
7946
5863
578
8458
5120
6317
3574
952
9570
4847
3295
4209
609
5534
8629
8568
136
646
7531
1859
2514
8207
6362
2224
4768
3144
3801
9641
5585
9655
1237
7241
7620
3133
1020
7811
5038
2175
5326
4520
1369
3788
2583
9389
3190
5116
9662
841
6697
3135
4328
6048
9614
1568
481
5782
6963
9249
6774
3123
4763
5087
10
4458
7910
2014
9930
8426
3247
4820
8702
3068
3479
7179
6166
7892
270
8533
6021
7995
2713
6081
9916
2108
6606
9170
1379
8692
6875
6065
1828
8349
3491
5287
6117
9360
1935
9328
9621
1236
3122
5716
9745
8558
2865
3266
1835
8161
9850
2052
9172
2687
4552
7357
1996
6821
7726
3869
5781
323
8603
8079
9468
3980
3652
7209
2280
4749
1919
8412
9970
8165
8902
7813
6739
2632
2667
9192
9129
7129
919
4574
7574
9720
4540
3721
4943
2407
5512
3156
4549
7933
1489
5670
8945
1579
2558
4599
6520
3589
5591
6397
8232
6164
8475
4254
7815
7843
8176
6895
8548
7100
1687
7905
1553
2970
7404
9721
1503
2306
2502
3666
7059
2267
102
4292
8791
8991
8961
5868
3313
3891
797
9769
6770
4102
2188
5753
1454
3136
218
5975
3990
1964
2284
5061
794
3523
2010
1262
8038
8425
2012
2109
6889
4359
9783
2090
9303
4285
3889
2052
6098
3294
5453
1943
9214
8911
3594
4141
2457
8108
6465
2782
424
2222
1119
2466
976
5314
3822
2539
8956
3306
819
9417
1310
4096
2138
5461
1928
6803
1011
1552
7594
5993
1698
7267
3419
850
5466
5260
9066
7855
1058
2368
5831
9162
6713
1000
8683
9677
4959
5902
182
4000
9898
8212
4157
3818
5848
5346
5877
2518
114
1546
1282
9888
5336
8848
7069
5229
8675
4088
8731
60
9749
4549
6191
2718
7821
1518
4704
8462
6455
5866
8448
8474
8625
9285
9958
9700
4773
8428
5767
3560
4182
7541
8802
2097
847
4998
6035
7470
4268
5542
3739
8472
3082
5743
9764
3373
6176
9255
8092
9325
808
1111
6010
7225
4642
9199
3566
9591
5999
8360
8170
5951
2092
1062
326
672
7114
3564
1229
7529
460
7108
4008
2875
2135
6071
9050
8929
3505
8081
2175
2661
1348
6863
4547
7696
9856
3672
5968
2585
4532
236
4913
5686
7637
956
5117
2999
53
6411
5375
9556
5472
2007
2308
8717
7861
8683
787
1597
7412
977
3794
2246
1440
3217
8083
3798
7856
9120
1424
8904
5729
4783
1947
9650
2908
1653
6227
2540
5915
40
8100
9787
8611
8607
8867
2716
9590
4377
726
1558
1685
3433
3867
8177
8258
244
5095
5295
2517
593
9909
5538
3551
3986
4725
8368
1889
2790
9423
6752
6221
5790
1479
4767
6292
1989
8632
6281
8722
1104
8204
5207
4621
3303
7378
2890
8598
212
1562
6650
8366
1045
4656
9385
1950
6464
4186
8321
5732
3304
8289
4217
1276
2760
9970
9828
8615
4957
4328
8148
1462
3606
8627
8136
5558
7617
3215
9082
9636
9185
2678
484
8837
8331
5813
1824
8841
3789
9416
5698
3613
8394
8987
9273
813
3120
4729
7455
9665
4971
7521
2167
9566
4641
9447
3155
5306
3174
1506
6681
9336
2511
6030
3514
762
1274
1142
9810
3319
4396
2390
3590
5251
6977
1778
840
83
2594
2973
9979
3553
5952
5626
34
511
7786
7495
4550
1227
778
3479
9652
6098
6483
1421
6012
2821
7610
454
3748
1903
3043
3673
9435
9848
5387
4677
6370
7605
9586
6738
996
1715
6080
7083
5224
3073
4692
27
871
512
440
4108
1257
4548
9361
3997
348
6137
3143
4913
9879
5509
9655
8797
7888
8850
9027
5182
5124
8754
5623
4656
7191
7151
7723
524
9731
7495
6142
4449
4635
7284
8768
4251
5897
4156
8935
4941
8611
3947
8101
3747
8811
1651
5060
9357
8852
3292
9543
7221
1562
7744
5823
6942
6666
5128
1987
4895
8836
8407
2774
5982
9883
8461
2233
8198
5916
5703
4428
9768
7208
7184
25
8747
996
5351
7974
2814
4487
1254
1615
573
264
7597
7422
6835
9244
6485
5170
4330
2731
444
7938
3967
9200
3616
5706
3088
163
6744
7043
277
6307
8366
2202
7828
4371
1751
2789
3811
1265
1927
8688
983
6118
9052
9072
8280
3082
5050
1241
5309
648
3668
7014
875
1248
1139
7106
4387
1564
5413
2169
8672
301
5507
1943
5469
754
7835
305
5661
4956
5186
2503
7673
8168
9641
5976
8891
185
2356
3995
1782
9681
1974
1321
2493
4522
5687
4641
1833
1811
3466
199
3951
9883
9446
6288
2051
3677
4736
1493
4568
9463
2892
2967
317
9610
7915
8529
6558
6199
2098
7894
6697
9716
8338
1167
9420
6363
4852
7639
1515
4337
1761
5152
2776
6899
2712
6652
2586
4812
9548
9984
2471
2110
7005
2989
4990
8974
8425
1951
2840
8808
7023
9223
9990
7834
1326
8797
8993
6969
1814
4576
2648
3794
918
9211
6197
9045
828
3613
1825
2475
3896
6332
3527
7336
1408
4127
1322
4489
1343
7842
9105
6377
3787
3291
6200
1537
3770
3385
7132
2749
2020
7616
6079
258
5538
1380
8789
757
1957
6945
5510
6730
9044
9241
7599
8843
3368
6324
5350
8101
9224
8613
1531
4389
1886
2017
6005
7828
2461
7957
8203
7348
6610
1537
7833
5135
8732
3442
5252
8931
2024
2081
483
8287
4811
7633
2646
5461
624
3786
9140
8496
4413
9957
614
6986
8401
4398
7262
2828
5653
1633
1210
2224
2042
8265
2008
3998
2195
1564
840
6024
9165
9142
4204
9046
1057
5848
6085
2893
411
7679
366
1311
1976
4650
2140
2342
1885
7753
5059
8640
848
6891
596
9599
9615
8700
7951
911
6408
5053
4146
800
9085
3722
3504
8570
4495
4201
4040
8059
9767
6184
7168
9006
1898
4989
6904
9857
8798
7033
9964
2474
9391
4956
8106
3339
6427
54
1701
826
4845
4941
4128
9228
5965
1293
7839
3851
2958
8231
5371
8975
361
1158
6008
5616
7188
8301
1048
377
8281
3322
3747
94
5869
8401
184
8985
5299
2918
6917
3957
9124
3068
9609
7684
1571
2041
6457
8850
8477
935
4405
1371
5695
6199
2018
9537
6381
9069
1654
332
9994
1409
2397
3555
7725
4794
6224
5774
5524
4880
2725
4389
5893
4516
4874
579
3419
5898
1235
8209
9941
4576
9286
253
646
6639
6867
9426
6270
63
2931
5790
4353
5054
6708
6435
8821
5762
1754
3216
9181
8241
8947
9160
2425
1312
9657
1539
3157
715
9709
4094
9357
3965
3301
197
4156
3531
9525
9085
9690
189
8681
7924
2018
7126
4
316
8750
6079
4462
1699
5592
9358
8239
791
8373
7226
160
4509
5290
7577
4052
3450
7828
6308
560
10
2288
8659
4315
3123
622
4606
6334
656
3089
2265
6482
6134
3352
6430
2594
155
5720
4661
2728
8909
3033
3550
877
2851
2538
5011
4075
1871
2491
2657
2035
6370
4759
1727
282
5065
4997
383
4643
3090
2450
4340
7716
3479
9875
2666
2249
6309
5355
2238
9800
5812
4538
6733
88
4191
9844
4845
9477
6062
7422
6956
6570
6827
2273
7350
5132
7831
8879
7380
6431
9238
6813
4171
8888
4244
1001
4308
5871
7597
7151
3822
3578
3685
6257
488
1178
149
7224
4109
5430
1540
5376
3998
3542
3000
1963
1084
3812
5621
9998
3921
3635
5143
9863
3444
991
9123
7988
4628
4967
153
4276
9811
727
7057
7530
9227
5403
7430
3161
4615
6422
1903
1030
8409
9421
1029
312
1750
7504
2068
3373
1612
5561
4602
680
2229
9799
470
934
8870
9191
818
7573
7092
9440
7547
7334
8994
2083
3375
1529
9193
6271
7838
7992
9337
8465
6325
3852
7526
1306
8309
2252
9596
9658
9920
9378
2175
2146
7584
7562
3023
5562
1022
8697
1944
8466
2096
9447
8863
1493
1862
9247
8820
7031
9939
2225
451
5571
7116
2619
3990
4879
4370
506
315
758
301
9579
9013
9708
1566
3167
6836
2006
1380
8231
8657
5992
9978
3998
1459
4436
4293
7956
9399
4025
3202
3933
5878
5908
4065
291
7025
6576
675
9811
7692
371
4771
1671
2942
8836
7438
4074
7046
8597
5189
3318
2736
7913
2563
4601
1591
893
4190
5147
9432
1100
5810
3586
2329
1442
6629
2134
5198
3831
3139
4774
8016
407
7195
8190
472
861
9108
1872
144
4209
4192
8176
5556
3797
3758
6010
6492
3782
4204
8369
2767
688
2203
5549
5882
3111
1055
381
727
3795
6707
3327
3658
5923
9288
8930
7427
5266
3365
5263
4295
6672
8633
3034
6121
4106
6751
1489
6589
6237
8591
2698
4274
8015
7241
1719
4527
214
8545
2770
1691
1660
1176
7922
5136
2172
8436
8635
4504
9959
3814
8092
2366
447
3166
7014
2178
2469
5999
3166
1326
4832
3820
3456
6859
919
5261
7902
6010
8817
235
5449
9614
6061
3125
3055
1202
6096
6890
3880
4323
6984
9065
4333
659
8675
1670
8656
5384
5221
2465
1326
2771
860
2289
4897
5328
8223
6845
6753
4526
3626
4465
6614
2113
3048
3731
3727
6442
2460
4040
3322
5954
3022
2085
5107
9997
6936
2302
5526
3728
8908
2545
2752
6667
9632
5687
9633
242
7839
5544
584
5314
6297
4842
79
2650
1409
7502
6693
374
4867
1429
9762
3727
1317
3934
9500
2166
4136
4829
3873
6712
1442
6775
9796
99
6018
7395
6862
2520
7441
8845
1147
3814
6944
7837
1532
5926
8795
4784
4420
5650
8205
4451
7038
8483
5546
1612
950
8702
4823
7161
730
3843
9426
7169
2183
4393
9383
2552
1914
3527
7028
3649
3914
5157
9408
9045
3891
9175
5965
1773
1296
7481
7005
9147
8881
9494
573
6743
2495
4391
5933
2821
7668
3475
8510
3731
6534
2827
3419
5982
9783
7825
7714
7203
5464
217
8846
9679
2927
4932
9851
4989
6325
6263
1498
7733
4513
7554
8459
6595
4304
6844
934
2635
1958
4106
1759
9747
613
3167
1805
7429
3470
387
222
7163
1078
3221
7493
3356
8854
3211
4688
9736
4464
9726
9493
2310
2963
4172
5500
5621
4614
5892
9831
3642
3548
1325
2687
3177
5590
6051
4242
7859
1860
1856
2951
8433
8711
5891
4837
9537
3083
8087
5109
604
7589
5002
3825
1589
5532
5952
8684
5144
8217
1943
9562
4318
3940
2571
8637
2892
9018
6378
4888
2432
5699
193
1994
4250
7872
7307
2579
6336
7062
4989
1522
5276
1068
6454
3597
2827
2037
2012
1152
6944
5732
8161
1054
5396
1666
2267
1581
7194
1934
6119
7860
7962
6334
127
7192
4207
6118
7931
7192
5012
9387
9452
4705
6991
3889
3962
1859
3023
3059
3961
5562
5482
6044
5318
8122
9366
5615
8854
4687
7895
4087
1840
1494
6129
9982
8349
3658
5120
5506
6950
2419
8226
3575
8792
3977
6333
8802
4083
9998
431
8028
2654
9047
5244
5363
5927
126
670
9626
8409
3595
3147
3135
326
2914
367
6846
5622
4265
4789
2189
9863
9063
8684
8435
4874
7237
7032
9759
4384
354
2434
4017
6975
1747
4228
5987
672
8078
7977
8712
5445
2119
6324
1534
5112
4091
9774
149
8992
775
9562
4846
7897
7300
664
3435
4916
7814
6722
2974
2256
4129
5132
1858
6302
1220
1467
5792
1018
561
6581
6195
7084
117
1077
1736
7504
1047
4413
3029
1691
4428
142
4428
8136
4367
916
4692
360
6036
902
9025
5206
7577
3420
717
964
4699
7677
4760
4725
6573
2896
4139
1403
1370
8161
7332
1045
2827
2434
9411
5917
2480
2988
1363
6084
4644
4552
4309
3394
9844
5806
3439
3398
7832
7405
454
4614
7555
6895
6122
8158
8321
3086
7587
4990
1293
2231
4576
4740
9281
5382
635
9818
8355
8954
218
842
4497
3455
5900
4826
8556
9112
2856
1250
5990
1770
7760
4713
2342
2349
9738
2255
5580
1534
762
131
4218
9513
8938
5469
7817
7445
8170
6637
6008
4155
9795
8178
4980
4193
2035
4864
30
2304
8615
3012
926
4899
6304
6518
9201
9350
1760
5760
6107
4019
879
5439
9787
288
1699
2473
7569
3178
777
3617
2920
1127
6042
2277
9949
6777
4661
4296
6609
9005
8726
4535
7110
596
8839
9815
9787
2191
7104
1684
9582
4656
4049
2877
4703
4818
4267
8516
8590
9432
7017
9794
3329
5900
4096
8325
8844
6524
9554
7964
4782
9051
3943
4710
8414
5213
1060
4605
8389
7831
5812
5809
6660
3909
5408
1006
8120
974
8567
8616
6407
454
5232
8418
4096
4036
4524
1975
5297
8805
8355
3265
9175
7319
5116
5122
3808
6417
2781
1981
9854
2357
4861
4582
4593
5361
1387
3978
3853
9713
423
8428
2623
9657
2082
183
9587
7326
5211
9962
1487
3414
2375
9125
816
2490
2379
1621
111
4002
8607
2928
2462
8804
5405
5477
6791
5630
1809
599
8675
6097
2954
9645
9105
3472
4701
4035
1441
8841
5482
1389
6146
9190
8107
9170
5993
1443
6918
5369
830
6061
2204
3799
9764
5603
6860
8952
8996
5395
7457
4959
9426
4147
1719
9380
5042
1242
2292
6123
5912
9733
9304
2876
8217
3003
9575
2507
4273
6957
4117
2286
643
3908
3607
5164
4543
9791
6868
3554
1520
7779
2651
5158
4980
3643
4825
7668
2396
1711
9239
7716
308
5547
1085
4506
7616
4525
8091
1827
9280
4964
3887
7389
6877
653
1718
4525
948
7149
758
3802
6227
7951
9805
8314
3874
3740
5107
6839
7288
9064
4938
4892
421
4797
1275
2710
9511
2450
1301
2488
107
4272
1084
629
7090
3298
3055
9365
3771
3256
2566
5575
2034
1581
4806
4116
7760
9030
2224
971
6112
532
3371
2288
2241
9352
9475
3085
1831
4566
3988
9633
9027
1524
8476
6689
6983
1894
1240
4508
2560
5744
3314
9705
5335
6684
1703
5442
3468
2368
3335
9636
2100
6020
5744
4313
4504
8776
9921
4942
3087
1505
2750
4379
7472
7376
6537
1707
7686
3938
651
9680
1691
8432
95
4640
6198
2133
509
3690
998
8002
602
5268
7188
8935
3670
1620
6532
4585
1667
2778
7683
6560
9196
1290
6210
8191
8576
4729
8484
3318
7274
6294
2615
3779
6531
9428
9560
217
3201
8006
1976
5385
1478
9816
9572
9085
1044
897
5440
5850
7798
5388
5796
4730
1142
7202
5864
9959
258
8515
3089
1590
5775
276
5901
8865
2340
9830
1863
3958
1942
101
9075
1209
864
9261
2139
4771
1071
3303
6263
5135
55
3684
9672
6473
4050
8570
4573
1894
8930
2136
4269
9812
1234
4940
134
3588
4909
3589
7283
2383
7790
6841
1873
6925
8888
3839
9242
6136
686
8992
6883
5546
6753
2435
7318
2695
9505
9525
8636
9522
2011
6344
3838
7592
5750
2187
1218
2779
4649
5888
4313
8323
598
8825
3045
3494
3964
4366
846
7463
2626
2624
6277
3439
4702
9551
4241
8389
6837
8468
9763
1653
5
5706
2933
7042
1907
3283
9992
6003
6898
1365
8006
4735
5835
1173
4880
3335
6826
1279
4921
9476
376
6322
5180
1908
662
5990
6342
7650
8549
1446
1394
5000
2936
5730
7128
1834
2868
1555
9390
3833
7371
6584
5886
1123
6775
7615
2182
4042
5029
5699
4182
7967
4575
35
8379
2191
5660
8759
2715
8163
3896
6319
424
3925
7031
7064
5669
5944
3515
4134
2562
6
849
2809
8169
526
4846
158
1421
5737
8598
7675
6039
8727
1236
7026
3797
4229
788
8615
9489
847
8054
8371
8382
4700
1382
3907
6738
4475
8060
9406
4146
5551
9099
3180
9068
5583
2777
2875
7214
5233
5942
6574
3550
4465
7330
7440
1366
9550
9685
3070
3972
7928
1266
111
600
7658
7660
203
2746
7517
1885
3690
4026
9590
5666
721
2469
1165
7390
1330
4030
402
2427
2256
2448
9539
9408
2684
8383
7225
5666
8713
9770
1292
8334
5889
606
8363
4718
5311
6524
5054
8969
8403
3092
9312
2679
4670
4459
5329
7255
8335
9855
5570
3230
7319
1861
1842
1819
6631
7110
6488
8769
7091
8733
8788
91
8990
1994
9203
9470
8521
5976
3237
2484
2900
8954
3285
7008
2914
9074
5870
233
3792
1823
8397
3759
8705
8629
8948
5878
1121
5793
387
4053
669
3796
8948
5872
1533
8900
214
6676
4480
7421
4636
9696
5487
6167
8618
4406
272
3032
1681
5085
9423
9438
6467
7409
6892
9407
5110
592
7036
8644
9569
8086
4198
8414
2471
109
5943
9411
2600
4490
3837
1477
5135
8682
6495
5466
5475
6231
4533
6640
395
4446
1774
232
7936
1162
6804
7823
5932
8797
3971
2242
1378
3804
2327
1092
3192
3363
2513
3748
6241
7918
517
9856
6175
7463
1791
593
5388
1745
5624
6318
6119
1084
4538
3162
5667
3106
2188
8516
1272
1882
3355
648
5622
3014
4362
7072
331
6235
6948
5859
9675
241
4970
4777
5411
4119
4136
5072
504
7765
5010
5842
5531
6199
8462
2867
3578
2220
5250
4566
2206
2261
368
4159
1656
5441
5848
3292
7957
6699
5475
4216
9353
34
8804
1398
1521
7427
7709
2529
1766
1420
9603
3792
1982
5494
1512
483
1920
689
8915
3015
3460
2484
5773
3613
7927
1144
5446
629
3319
9088
3505
4915
1950
9457
9346
8163
5710
4057
7835
7514
1551
3984
2829
8985
3467
9914
4702
1431
6833
5308
7813
7469
9920
2771
9483
6855
1652
9895
3728
5500
2022
8855
71
9726
9841
2462
2592
6449
4036
5299
4534
5651
4617
7502
9991
1066
3794
9495
7471
8961
2494
4690
9084
7483
9568
3372
2012
5403
473
5240
4309
5603
5810
8613
2976
654
3671
4631
4623
6404
825
1481
3801
9931
5151
3670
3881
5383
3006
9444
2636
5815
7126
5912
3092
1398
3612
5479
1637
6599
7709
6493
8623
7058
9755
4821
7964
9021
1956
1306
3217
4348
6652
678
5992
930
1480
5581
1398
9586
5827
4466
1890
2818
1601
8039
5696
5793
4729
2853
6967
8834
9630
3547
1871
4293
9762
3440
3100
9623
8628
9350
6015
8182
3221
1281
4210
2851
6659
4247
9677
3094
4401
963
3755
7867
5700
4400
8975
6393
930
3669
3742
6251
58
3787
649
2170
6347
3940
2976
3542
2195
3864
9268
7752
3529
9310
4874
3694
5444
4534
1808
2201
8992
3365
5366
3235
3675
748
6598
7282
3531
6907
5541
4732
1814
2794
8923
846
5143
8480
4902
950
7790
2646
4222
8177
2578
3317
9295
9618
7717
7105
1499
2127
248
9033
8088
5053
1470
5254
7237
3273
2429
2600
5331
6905
2489
6049
758
7133
4254
7950
260
340
643
9223
8629
4823
1963
3296
4697
7329
193
5446
6055
8547
8821
8306
66
5420
4188
1595
9295
1552
8777
6584
1258
6404
4571
8398
4906
6217
9296
5930
7797
1738
7549
7585
1063
1488
3883
9260
3992
2023
8947
9663
4740
4408
1230
5327
9669
7963
7293
7551
8172
3913
4211
4948
1662
237
2424
2828
6410
5562
6047
4575
8585
3213
3785
3935
6745
6816
329
6598
6259
4188
4038
2565
7332
3392
1950
1036
2994
1591
5317
8434
1159
7267
9019
1295
1293
2777
7231
1432
8390
3086
5952
225
980
6225
5466
6905
4779
498
9560
7285
3843
9889
8161
8791
3728
5139
3546
9604
2337
9687
6158
9488
9450
7894
6179
6530
5596
2537
1327
1918
5571
3612
3365
4728
4253
6826
3664
3140
5668
6216
8726
9659
1666
1536
533
7717
9598
7896
9731
4768
7620
5866
634
6665
8053
5891
462
3906
4936
9222
6319
6012
449
1424
6151
4652
3847
8003
4784
6370
3010
3970
4689
8119
9617
6616
6603
6157
8327
6666
3753
6457
3824
2672
5509
5190
6476
6285
895
5336
9639
6640
1876
442
8408
4825
3262
8318
9161
9980
1083
9258
9306
8193
1580
8788
9031
8448
122
5006
4914
8153
8085
1594
2192
6811
5489
563
7648
4209
2367
3978
7296
8540
9904
8724
5797
5062
1689
7297
7412
8246
8742
6498
2340
7882
3120
5437
7614
7545
4737
8421
8518
9796
9051
5097
6723
3509
9720
9229
1602
1373
2399
7722
8393
5550
758
9129
330
178
5600
9560
7936
7549
8066
3705
3963
1545
7095
4659
5967
2224
8123
834
4224
1526
8238
3541
2625
6215
4616
1735
3138
2379
8250
8072
2443
8354
8600
4438
7504
2251
1742
1003
4459
3649
7469
9830
1233
765
5030
6047
5293
6063
6992
1363
5218
3908
5285
5298
173
8194
8615
807
4713
4996
9818
2563
9940
4699
6198
2395
9663
2454
6499
4729
7271
9283
5076
2177
9079
1584
3326
8707
5778
6860
4756
1027
1111
6490
7706
3251
5308
2272
7324
6402
8911
4042
2474
9057
7899
5373
1944
3704
7146
2745
8499
4613
9651
4136
8797
5670
4667
6749
8198
1739
5518
3795
6526
7294
3838
3037
3550
1128
3038
850
9980
6311
6805
3618
6283
5611
4329
55
4772
6697
7563
649
3481
1474
7989
959
7415
208
1774
4967
1040
5698
1666
1889
3180
3468
839
9534
1162
2507
4885
6386
5005
9783
7450
2751
871
4315
484
9917
6990
5620
707
518
1803
8109
9418
3723
5388
3725
1637
128
3557
1448
1345
4520
1149
5338
5872
5526
6927
1722
7229
4687
4989
787
9571
8000
1181
830
4746
4639
6428
4375
7733
1207
3747
8526
8417
9769
4865
4067
7131
957
6110
3825
3145
7349
1637
9990
2932
953
6990
7858
3478
2089
913
8907
6472
186
3252
4756
1497
2261
8338
367
5370
4790
2952
8399
3946
1876
8260
2415
941
5005
996
2609
6111
9552
1142
8499
1900
2587
4335
179
1416
2979
860
7607
3387
3232
5956
7240
1891
2908
9154
7288
7284
8767
7056
1991
1265
9208
2510
1398
8787
8116
5021
637
1119
8938
3269
2
4685
4361
3141
4329
3022
6994
9977
3395
2010
8132
1777
2448
4798
5721
4199
6723
5494
1841
3041
579
2805
6637
8747
7275
2899
5560
2468
7571
8309
6326
2901
8892
5773
3032
319
4490
9809
4486
1842
3725
5855
7329
9443
7671
1724
2969
6304
2591
6661
4733
5341
2073
184
9955
1152
3547
4713
5910
9360
9140
4813
1932
2459
4297
8156
4641
2507
2946
1740
5734
2456
9984
1679
6417
1852
5893
8523
2103
8700
3487
9954
7008
6257
1656
1363
9306
1078
8717
5969
2453
3386
3634
5237
9343
8134
5171
4738
261
2451
4036
7031
3476
1819
4038
3403
1543
5682
677
8340
7422
1568
8830
6241
2396
1255
3204
1239
1971
3653
9149
8124
7144
1773
88
3625
6058
1853
9336
3440
1416
5387
5598
8137
6981
7852
6195
2551
303
8475
7392
4578
4326
728
1263
5513
5511
2649
4094
1913
4786
2757
4736
5885
8234
1503
1781
5428
8486
5849
9031
3732
2097
8129
7285
2615
142
5136
3506
8040
5063
859
3142
8123
5618
7383
613
9550
425
1936
8218
8079
5681
8968
536
8337
7325
4167
4549
3576
8649
4264
7933
8620
6696
4335
1383
5618
3096
1104
6945
9469
4495
7208
1991
7089
8622
2403
3254
8099
1320
2938
7357
988
6877
4784
4011
3989
6225
4747
7354
685
9450
7883
602
3906
6165
233
8513
1554
458
8326
3394
6050
3711
535
139
1608
8183
369
3306
7271
6725
4467
8401
7214
6899
9604
2113
241
9145
3080
3281
1650
2306
1691
4513
6845
510
3372
6619
9021
743
4136
6212
5389
9107
1192
5855
2975
8430
6894
5335
2426
4179
8556
6890
9780
1526
617
5334
9313
8219
9124
166
5991
1995
7104
6775
1780
3377
1270
9301
1378
1094
6797
1299
7000
616
7661
4258
1679
734
3541
4829
472
7317
9210
4873
8821
8430
4114
502
2677
2672
308
6798
1225
1600
5857
8635
6591
165
1309
3676
1446
3744
5342
5052
810
53
1284
4339
8620
8537
3643
5569
4308
4288
6246
5928
7585
1901
4321
4845
6063
4678
737
5061
9762
2639
8084
1009
1650
1190
8935
832
8462
7415
4732
9996
1130
6336
6548
396
321
390
9470
465
9964
8778
9193
7147
4148
190
9315
2747
3349
4393
2753
2165
683
7287
2971
5573
5418
2691
4258
228
1989
8973
4178
2560
709
8310
9841
9240
7143
6549
3149
1204
2732
1778
9124
5948
5816
6318
7167
1802
6920
5068
2625
5776
8083
4280
281
3304
9877
9054
670
6724
8720
8200
5200
9969
4843
7175
7773
1457
2453
9086
3319
3293
8460
6352
2709
39
9526
6761
4158
8742
3975
3052
2666
3934
1635
2650
4761
9932
930
7735
1942
4952
8743
6575
3026
9208
6304
4031
8132
9363
7079
4804
1521
8145
9366
3446
1187
8291
8364
3885
1164
40
7887
6278
9614
7185
5357
3299
4349
734
5514
2234
2833
966
555
3830
8685
3366
6223
4826
3658
5414
3668
6422
9536
3385
9432
3847
6308
9406
7535
8077
7820
3244
3380
6897
3088
4615
7711
4676
6548
5775
3580
1723
5841
4532
2309
3884
3854
3689
4411
4546
6448
8607
4304
9356
4308
8861
6096
1830
947
2306
5260
9581
9854
8850
1840
4459
2836
6824
2061
3776
176
6693
5827
1145
8984
718
6913
8976
4697
6467
8035
5641
7474
9719
6953
5398
8032
6835
1146
3376
8727
7610
902
421
7420
2412
1564
3331
8974
4808
942
5559
9917
3459
1416
3231
7010
4244
2474
1711
7372
3468
7690
4148
4605
3301
8093
7938
6625
2721
5806
225
2112
6573
9894
1910
5689
4585
3139
4327
3984
3789
9057
4288
2672
4283
1852
3382
198
1128
758
4626
2654
9349
4785
6048
7125
5240
8186
9452
7459
8386
3625
2013
2584
6112
569
7325
7203
8264
4610
4955
6269
7227
739
4149
777
928
2227
9036
6967
683
1361
9663
4180
896
8874
3157
4122
1330
9265
9430
614
23
3942
7533
3803
9215
9408
774
8122
8457
4963
4897
1632
4494
3035
9488
403
8770
5929
3433
7873
6493
1374
6465
4912
7960
9482
3111
7413
5810
1933
4766
1841
8537
5118
3032
8304
9281
1573
3096
7251
8589
3449
5295
5696
859
8750
9203
3621
6354
3524
6232
9096
7564
4350
9534
6629
2484
5985
2946
8526
1520
5620
475
2503
8829
3762
4929
1035
3610
6155
9421
4299
7008
1179
8251
5318
9864
8978
8260
1527
1231
1213
6714
9212
3951
3621
8914
9658
2509
6063
390
8
6344
5244
4615
7715
4560
201
7308
5807
9774
4360
387
2566
7044
3412
1333
3829
289
6727
4107
4919
353
1251
1249
4052
340
2395
4704
1065
6283
7159
7624
2227
7836
9749
1533
3062
5938
6939
505
5205
8486
4279
1107
6989
7379
3456
4282
7525
4452
7475
2313
2735
9884
4656
4977
8278
9374
4423
3446
3836
2615
4687
9248
6943
7589
6400
8977
7981
1098
9024
3004
8553
6474
885
9602
4392
3930
629
6637
7888
2397
1643
9965
3873
1215
4155
8282
689
7683
1936
2820
6314
332
960
5285
4504
9780
1256
4144
9822
9589
1811
6844
4693
8967
8392
9565
3267
1964
3086
5791
644
3786
8893
2084
375
5800
6928
8878
6819
7406
3567
9581
9264
2266
4616
5712
5561
1045
1887
1786
1927
6851
4997
8886
886
1403
9374
8378
552
5350
2267
9129
310
7546
3020
8267
304
2841
9744
5506
9226
2050
9890
3950
3166
9617
3218
2314
527
7259
1989
511
1072
8852
5831
1792
4414
7465
4325
7267
9570
1019
3792
7878
5870
9987
1450
6495
7242
8340
951
3023
8953
8015
4850
1208
737
2588
6433
4764
4620
6937
7029
458
2110
1876
1606
3285
8571
5785
9577
3762
9996
3490
7786
4227
2642
3435
5837
9319
168
6602
5550
2360
3307
9621
8704
199
6706
1871
4780
9447
380
2558
5413
4721
1663
8676
664
238
4506
7726
6505
807
9871
6553
4744
1769
6482
7528
158
4994
9614
8924
4701
7568
5813
4030
1707
4308
4108
1333
7442
6663
4295
6124
4644
1980
9633
2587
548
7471
5065
5536
8280
3317
9843
7528
6591
4065
7272
6209
8723
7878
7214
7981
1522
3471
1524
270
6347
5769
8522
7420
5392
448
874
6089
7741
1300
4644
8977
8676
4783
7969
4180
2663
4323
4482
863
9365
3531
186
7088
1556
9583
3678
2439
9359
3896
2963
2038
7188
3973
3714
979
7060
31
7334
9958
2446
2538
2808
9555
1927
2179
1769
77
334
4459
1160
2403
1568
5620
415
8231
360
9746
1918
7289
9039
1936
9035
693
3249
430
9023
9107
4024
1094
3310
1389
6473
3950
9985
441
1981
5831
139
2361
7097
3797
6200
3482
9561
8123
4702
3839
7243
106
8755
4339
7419
3545
8910
1021
2374
6568
9801
2182
4750
417
5041
1885
550
7905
3997
3501
9267
4107
5938
8309
159
4134
1072
158
960
2953
1267
6362
7311
1406
640
1815
8077
1364
9583
6108
6730
189
8253
3073
7064
3319
33
6216
8894
4847
2248
3540
2880
709
6585
9177
9527
1396
8260
6626
4011
3685
5802
9892
7709
4407
2308
8124
4680
6277
5538
6326
6194
1640
9134
273
9129
290
2659
5399
1290
3774
3525
3613
8857
9420
2843
6801
9946
5946
8580
6088
6946
993
5563
3824
7806
9255
5843
8072
6281
5714
8307
1116
646
3711
6869
3496
5421
6251
9743
4257
1127
9251
4643
7416
7943
9786
2907
5248
1860
8454
7401
9724
3470
2592
2239
9459
2131
5415
9086
1440
7348
3864
1928
776
7889
2591
5181
6132
5881
6291
3391
7945
427
5019
5810
8518
133
9114
4159
3048
3039
5742
6206
6127
2612
3645
8330
231
8853
5191
3655
4175
9489
6780
1658
3500
6032
2909
5236
4324
9431
2266
6593
4128
938
9217
1546
3782
3306
6538
2294
3454
723
1460
1243
3222
8596
3975
623
9300
9478
3642
494
921
9484
3593
2790
4316
4226
1771
9829
867
9317
5790
4821
2085
8565
9950
4192
7581
1004
6483
3255
5209
8472
8534
9519
7882
3063
607
6352
6583
232
4507
4025
9095
2708
4178
1805
4268
9470
5519
2354
7357
6696
697
2049
2611
89
3604
8098
9786
9769
9381
2616
6506
7065
5655
2491
3279
6034
5409
7180
7026
8893
973
7598
5377
2746
5975
5202
1946
7086
2173
4530
7890
2892
603
4296
9772
7958
5130
4292
5820
9826
9486
5009
7618
946
6559
7314
5188
6500
2828
5648
2030
